30
Arabidopsis_thaliana_alpha_tubulin_P11139       0.0000000 0.2846966 0.2350427 0.2315868 0.2315868 0.1179626 0.1451754 0.3650249 0.4056818 0.3400375 1.0511576 1.0628260 1.0688103 1.0240279 1.0377573 1.0569429 1.0442878 1.1548440 1.0588358 1.0867356 1.5434203 1.5042385 1.5335945 1.5343379 1.4621526 1.4863277 1.5894052 1.4277791 1.8585703 1.7976952 
Caenorhabditis_elegans_alpha_tubulin_P34690     0.2846966 0.0000000 0.1225324 0.1162023 0.1162023 0.2512110 0.2767361 0.2364047 0.2875989 0.3938708 1.0927678 1.0670985 1.0817483 1.0709109 1.1069172 1.0761019 1.0423243 1.1267888 1.0803547 1.0990754 1.5882979 1.5373844 1.6056583 1.6066012 1.4780523 1.5788505 1.6584425 1.5202877 2.0176946 1.8423686 
Drosophila_melanogaster_alpha_tubulin_P06603    0.2350427 0.1225324 0.0000000 0.0167363 0.0167363 0.1725978 0.1726804 0.2409307 0.2687773 0.3900350 1.1231158 1.1097234 1.1033252 1.0657965 1.1016040 1.1055221 1.0722195 1.1388294 1.1245074 1.1239608 1.6178850 1.5860585 1.6435634 1.6446056 1.5149665 1.6259023 1.7059098 1.5636799 2.0101178 1.8662678 
Homo_sapiens_alpha_tubulin_Q71U36               0.2315868 0.1162023 0.0167363 0.0000000 0.0000010 0.1760303 0.1787685 0.2341729 0.2758298 0.3824751 1.1041159 1.0906187 1.0873011 1.0529294 1.0883870 1.0931137 1.0600745 1.1364577 1.1218440 1.1213023 1.6095358 1.5747142 1.6309636 1.6319742 1.5119509 1.6142177 1.6940218 1.5574244 1.9839462 1.8468145 
Mus_musculus_alpha_tubulin_P68369               0.2315868 0.1162023 0.0167363 0.0000010 0.0000000 0.1760303 0.1787685 0.2341729 0.2758298 0.3824751 1.1041159 1.0906187 1.0873011 1.0529294 1.0883870 1.0931137 1.0600745 1.1364577 1.1218440 1.1213023 1.6095358 1.5747142 1.6309636 1.6319742 1.5119509 1.6142177 1.6940218 1.5574244 1.9839462 1.8468145 
Chlamydomonas_reinhardtii_alpha_tubulin_P09204  0.1179626 0.2512110 0.1725978 0.1760303 0.1760303 0.0000000 0.0972092 0.3298897 0.3787294 0.3285816 1.0631085 1.0540389 1.0884705 1.0568760 1.0690294 1.0913162 1.0688704 1.1400429 1.0850045 1.1056812 1.5583847 1.5439420 1.5836847 1.5845599 1.4777961 1.5172524 1.6362270 1.4772965 1.8766582 1.8414140 
Trypanosoma_brucei_complex_alpha_tubulin_P04106 0.1451754 0.2767361 0.1726804 0.1787685 0.1787685 0.0972092 0.0000000 0.3496285 0.3703115 0.3404235 1.0707878 1.0706721 1.0830131 1.0694703 1.0652119 1.1246855 1.0947872 1.1646263 1.0993715 1.1226266 1.5806982 1.5587301 1.5793466 1.5802110 1.4870391 1.5453493 1.6054320 1.4925485 1.8740465 1.8575980 
Schizosaccharomyces_pombe_alpha_tubulin_P04688  0.3650249 0.2364047 0.2409307 0.2341729 0.2341729 0.3298897 0.3496285 0.0000000 0.2413614 0.4307849 1.0770055 1.0661775 1.0756461 1.0454252 1.0848546 1.0705860 1.0499951 1.0927730 1.1130947 1.0434584 1.5642305 1.5829567 1.5828442 1.6050719 1.4444201 1.5903359 1.6379179 1.4579377 1.9641051 1.7852849 
Saccharomyces_cerevisiae_alpha_tubulin_P09733   0.4056818 0.2875989 0.2687773 0.2758298 0.2758298 0.3787294 0.3703115 0.2413614 0.0000000 0.4598191 1.0784752 1.0563414 1.0785485 1.0205368 1.0684964 1.1192994 1.1105462 1.1071653 1.1068495 1.0351823 1.6028979 1.6149903 1.5889353 1.6110885 1.5498683 1.5899179 1.6283929 1.5292939 1.9890165 1.7280492 
Dictyostelium_discoideum_alpha_tubulin_P32255   0.3400375 0.3938708 0.3900350 0.3824751 0.3824751 0.3285816 0.3404235 0.4307849 0.4598191 0.0000000 1.0760786 1.0822504 1.1263447 1.0676408 1.0868976 1.0932575 1.0366199 1.1341597 1.0798796 1.0647159 1.4920824 1.5267105 1.5628006 1.5697499 1.4950114 1.4340369 1.6132072 1.4648885 1.9919824 1.8081670 
Arabidopsis_thaliana_beta_tubulin_P12411        1.0511576 1.0927678 1.1231158 1.1041159 1.1041159 1.0631085 1.0707878 1.0770055 1.0784752 1.0760786 0.0000000 0.0724403 0.1482670 0.1731839 0.1544494 0.2839076 0.2898798 0.2897734 0.2657338 0.2945323 1.3319672 1.2586914 1.2713891 1.2942849 1.2947298 1.3207924 1.4655518 1.3608722 1.7144666 1.9186846 
Chlamydomonas_reinhardtii_beta_tubulin_P04690   1.0628260 1.0670985 1.1097234 1.0906187 1.0906187 1.0540389 1.0706721 1.0661775 1.0563414 1.0822504 0.0724403 0.0000000 0.1204350 0.1274938 0.1080256 0.2611311 0.2700058 0.2932871 0.2321751 0.2895123 1.3151347 1.2685998 1.2764746 1.2993387 1.2704976 1.3135038 1.4685117 1.3472277 1.7234776 1.8706214 
Trypanosoma_brucei_complex_beta_tubulin_P04107  1.0688103 1.0817483 1.1033252 1.0873011 1.0873011 1.0884705 1.0830131 1.0756461 1.0785485 1.1263447 0.1482670 0.1204350 0.0000000 0.1804371 0.1599624 0.3162420 0.3205299 0.3121021 0.2788527 0.3101104 1.3677926 1.3226523 1.3385828 1.3624594 1.3284701 1.4147164 1.4971661 1.3830053 1.7702601 1.9080075 
Caenorhabditis_elegans_beta_tubulin_P12456      1.0240279 1.0709109 1.0657965 1.0529294 1.0529294 1.0568760 1.0694703 1.0454252 1.0205368 1.0676408 0.1731839 0.1274938 0.1804371 0.0000000 0.0371660 0.2169247 0.2076962 0.2443817 0.2456205 0.2609726 1.3355327 1.2771557 1.2888633 1.3120458 1.2752044 1.3694350 1.4707517 1.3157268 1.6803650 1.8548671 
Drosophila_melanogaster_beta_tubulin_Q24560     1.0377573 1.1069172 1.1016040 1.0883870 1.0883870 1.0690294 1.0652119 1.0848546 1.0684964 1.0868976 0.1544494 0.1080256 0.1599624 0.0371660 0.0000000 0.2089977 0.1977290 0.2411180 0.2347365 0.2528015 1.3465643 1.3272640 1.3182009 1.3419510 1.3095282 1.3540253 1.4895430 1.3364947 1.6901745 1.8802212 
Homo_sapiens_beta_tubulin_Q9H4B7                1.0569429 1.0761019 1.1055221 1.0931137 1.0931137 1.0913162 1.1246855 1.0705860 1.1192994 1.0932575 0.2839076 0.2611311 0.3162420 0.2169247 0.2089977 0.0000000 0.0482038 0.3422229 0.3348345 0.3503053 1.3422216 1.3431529 1.3210699 1.3267645 1.3393313 1.2971965 1.4861241 1.3447973 1.7322728 1.8762511 
Mus_musculus_beta_tubulin_A2AQ07                1.0442878 1.0423243 1.0722195 1.0600745 1.0600745 1.0688704 1.0947872 1.0499951 1.1105462 1.0366199 0.2898798 0.2700058 0.3205299 0.2076962 0.1977290 0.0482038 0.0000000 0.3477830 0.3263475 0.3464373 1.3159157 1.3181614 1.3205767 1.3257265 1.3256023 1.2901986 1.4885501 1.3248060 1.6951355 1.9106431 
Schizosaccharomyces_pombe_beta_tubulin_P05219   1.1548440 1.1267888 1.1388294 1.1364577 1.1364577 1.1400429 1.1646263 1.0927730 1.1071653 1.1341597 0.2897734 0.2932871 0.3121021 0.2443817 0.2411180 0.3422229 0.3477830 0.0000000 0.3498560 0.2643952 1.3467222 1.3394319 1.3422295 1.3533154 1.3506599 1.3208139 1.4072192 1.2840861 1.5870161 1.8526097 
Dictyostelium_discoideum_beta_tubulin_P32256    1.0588358 1.0803547 1.1245074 1.1218440 1.1218440 1.0850045 1.0993715 1.1130947 1.1068495 1.0798796 0.2657338 0.2321751 0.2788527 0.2456205 0.2347365 0.3348345 0.3263475 0.3498560 0.0000000 0.3200791 1.3500391 1.3060522 1.2987078 1.3221633 1.3455235 1.3190402 1.4707957 1.3286462 1.8063106 1.9415157 
Saccharomyces_cerevisiae_beta_tubulin_P02557    1.0867356 1.0990754 1.1239608 1.1213023 1.1213023 1.1056812 1.1226266 1.0434584 1.0351823 1.0647159 0.2945323 0.2895123 0.3101104 0.2609726 0.2528015 0.3503053 0.3464373 0.2643952 0.3200791 0.0000000 1.2683156 1.2574154 1.2775531 1.2868989 1.3017196 1.2466007 1.3837081 1.2512805 1.7068441 1.8760139 
Arabidopsis_thaliana_gamma_tubulin_P38557       1.5434203 1.5882979 1.6178850 1.6095358 1.6095358 1.5583847 1.5806982 1.5642305 1.6028979 1.4920824 1.3319672 1.3151347 1.3677926 1.3355327 1.3465643 1.3422216 1.3159157 1.3467222 1.3500391 1.2683156 0.0000000 0.3597006 0.2884180 0.3047503 0.3529143 0.2767321 0.4064031 0.3303308 1.0416640 1.1844957 
Drosophila_melanogaster_gamma_tubulin_P23257    1.5042385 1.5373844 1.5860585 1.5747142 1.5747142 1.5439420 1.5587301 1.5829567 1.6149903 1.5267105 1.2586914 1.2685998 1.3226523 1.2771557 1.3272640 1.3431529 1.3181614 1.3394319 1.3060522 1.2574154 0.3597006 0.0000000 0.1825636 0.1912142 0.3541697 0.4302050 0.4646897 0.4474542 1.0184541 1.1532123 
Homo_sapiens_gamma_tubulin_P23258               1.5335945 1.6056583 1.6435634 1.6309636 1.6309636 1.5836847 1.5793466 1.5828442 1.5889353 1.5628006 1.2713891 1.2764746 1.3385828 1.2888633 1.3182009 1.3210699 1.3205767 1.3422295 1.2987078 1.2775531 0.2884180 0.1825636 0.0000000 0.0137155 0.2971156 0.3875886 0.3955008 0.3981195 1.0241979 1.1580053 
Mus_musculus_gamma_tubulin_P83887               1.5343379 1.6066012 1.6446056 1.6319742 1.6319742 1.5845599 1.5802110 1.6050719 1.6110885 1.5697499 1.2942849 1.2993387 1.3624594 1.3120458 1.3419510 1.3267645 1.3257265 1.3533154 1.3221633 1.2868989 0.3047503 0.1912142 0.0137155 0.0000000 0.2995289 0.3901403 0.3953190 0.4117651 1.0370966 1.1568071 
Schizosaccharomyces_pombe_gamma_tubulin_P25295  1.4621526 1.4780523 1.5149665 1.5119509 1.5119509 1.4777961 1.4870391 1.4444201 1.5498683 1.4950114 1.2947298 1.2704976 1.3284701 1.2752044 1.3095282 1.3393313 1.3256023 1.3506599 1.3455235 1.3017196 0.3529143 0.3541697 0.2971156 0.2995289 0.0000000 0.4510135 0.4512252 0.4685968 1.1622208 1.1035704 
Chlamydomonas_reinhardtii_gamma_tubulin_Q39582  1.4863277 1.5788505 1.6259023 1.6142177 1.6142177 1.5172524 1.5453493 1.5903359 1.5899179 1.4340369 1.3207924 1.3135038 1.4147164 1.3694350 1.3540253 1.2971965 1.2901986 1.3208139 1.3190402 1.2466007 0.2767321 0.4302050 0.3875886 0.3901403 0.4510135 0.0000000 0.4304791 0.4475589 1.1343156 1.1906065 
Trypanosoma_brucei_complex_gamma_tubulin_D6XD01 1.5894052 1.6584425 1.7059098 1.6940218 1.6940218 1.6362270 1.6054320 1.6379179 1.6283929 1.6132072 1.4655518 1.4685117 1.4971661 1.4707517 1.4895430 1.4861241 1.4885501 1.4072192 1.4707957 1.3837081 0.4064031 0.4646897 0.3955008 0.3953190 0.4512252 0.4304791 0.0000000 0.4895770 1.1592450 1.2602274 
Dictyostelium_discoideum_gamma_tubulin_Q55AR3   1.4277791 1.5202877 1.5636799 1.5574244 1.5574244 1.4772965 1.4925485 1.4579377 1.5292939 1.4648885 1.3608722 1.3472277 1.3830053 1.3157268 1.3364947 1.3447973 1.3248060 1.2840861 1.3286462 1.2512805 0.3303308 0.4474542 0.3981195 0.4117651 0.4685968 0.4475589 0.4895770 0.0000000 1.1024880 1.1650552 
Caenorhabditis_elegans_gamma_tubulin_P34475     1.8585703 2.0176946 2.0101178 1.9839462 1.9839462 1.8766582 1.8740465 1.9641051 1.9890165 1.9919824 1.7144666 1.7234776 1.7702601 1.6803650 1.6901745 1.7322728 1.6951355 1.5870161 1.8063106 1.7068441 1.0416640 1.0184541 1.0241979 1.0370966 1.1622208 1.1343156 1.1592450 1.1024880 0.0000000 1.6743963 
Saccharomyces_cerevisiae_gamma_tubulin_P53378   1.7976952 1.8423686 1.8662678 1.8468145 1.8468145 1.8414140 1.8575980 1.7852849 1.7280492 1.8081670 1.9186846 1.8706214 1.9080075 1.8548671 1.8802212 1.8762511 1.9106431 1.8526097 1.9415157 1.8760139 1.1844957 1.1532123 1.1580053 1.1568071 1.1035704 1.1906065 1.2602274 1.1650552 1.6743963 0.0000000 
